67 10 13
10 14 43
0 89 14
4 74 75
34 56 99
66 77 95
71 33 24
32 60 77
97 37 59
92 54 10
93 86 55
51 41 14
33 1 96
46 24 60
59 8 32
46 52 49
30 15 93
76 77 62
22 96 46
8 67 43
70 90 30
42 63 0
2 48 19
42 27 70
22 41 28
81 75 61
45 7 94
32 5 4
1 0 81
76 53 58
13 46 36
6 75 19
89 44 70
43 56 45
98 23 36
9 65 69
91 73 91
57 18 96
3 81 48
20 83 31
70 97 95
97 30 48
46 77 4
73 63 28
80 39 4
34 84 90
6 1 34
76 2 11
42 74 94
86 85 77
86 29 88
74 35 84
86 45 62
67 13 64
81 57 17
94 71 85
15 88 14
13 21 60
75 90 43
81 39 9
21 77 20
23 78 91
23 54 39
2 96 28
28 31 8
60 3 61
70 5 35
43 34 23
65 21 81
18 58 1
96 40 34
74 12 30
37 11 54
70 83 36
57 99 1
33 11 88
38 43 5
57 58 79
23 22 35
19 12 10
52 41 80
45 65 27
53 97 31
33 52 60
37 12 4
98 57 75
79 59 93
40 94 16
81 79 4
1 3 4
23 73 72
86 27 61
21 65 87
23 23 14
36 48 19
38 83 29
31 27 61
65 5 86
85 0 67
10 15 53
